# likeness: 0.3
0	9
0	12
0	13
0	15
0	19
0	20
0	21
0	22
0	24
0	27
0	35
0	37
0	39
0	40
0	41
0	42
0	49
0	53
0	54
0	57
0	59
0	62
0	63
0	67
1	4
1	6
1	7
1	12
1	13
1	17
1	18
1	28
1	30
1	31
1	37
1	38
1	39
1	42
1	43
1	48
1	53
1	54
1	55
1	56
1	63
1	66
2	11
2	13
2	17
2	21
2	25
2	28
2	36
2	37
2	38
2	41
2	42
2	44
2	45
2	47
2	51
2	58
2	60
2	64
2	66
2	67
2	68
2	69
3	5
3	8
3	10
3	13
3	14
3	18
3	24
3	27
3	29
3	33
3	40
3	41
3	45
3	46
3	51
3	53
3	56
3	59
3	60
3	62
3	67
4	5
4	14
4	16
4	17
4	18
4	19
4	23
4	24
4	27
4	28
4	33
4	37
4	39
4	41
4	45
4	47
4	49
4	58
4	59
4	63
4	64
4	65
5	6
5	12
5	17
5	18
5	20
5	23
5	25
5	26
5	27
5	30
5	31
5	32
5	35
5	37
5	38
5	40
5	42
5	43
5	48
5	50
5	65
5	66
5	69
6	9
6	10
6	13
6	14
6	16
6	17
6	19
6	24
6	29
6	30
6	35
6	43
6	46
6	47
6	50
6	52
6	55
6	59
6	62
6	68
7	14
7	16
7	17
7	20
7	21
7	23
7	25
7	28
7	29
7	32
7	34
7	40
7	44
7	47
7	50
7	58
7	62
7	63
7	64
7	66
7	67
7	68
7	69
8	14
8	15
8	24
8	26
8	27
8	37
8	42
8	44
8	45
8	46
8	48
8	51
8	52
8	58
8	60
8	61
8	62
8	67
8	68
8	69
9	13
9	14
9	16
9	27
9	28
9	31
9	32
9	39
9	40
9	43
9	46
9	49
9	50
9	51
9	57
9	59
9	66
9	68
9	69
10	14
10	20
10	23
10	25
10	26
10	30
10	31
10	32
10	33
10	39
10	42
10	43
10	44
10	46
10	52
10	53
10	56
10	61
10	69
11	12
11	20
11	21
11	29
11	32
11	39
11	45
11	47
11	49
11	50
11	53
11	58
11	59
11	65
11	67
11	68
12	18
12	22
12	24
12	28
12	30
12	32
12	35
12	39
12	44
12	48
12	51
12	52
12	56
12	58
12	60
12	61
12	63
12	65
13	18
13	21
13	28
13	30
13	36
13	37
13	39
13	42
13	47
13	49
13	57
13	59
13	60
13	62
13	63
13	65
14	17
14	19
14	25
14	27
14	29
14	31
14	33
14	42
14	43
14	50
14	55
14	56
14	59
14	66
14	68
14	69
15	18
15	20
15	23
15	27
15	29
15	33
15	35
15	36
15	45
15	51
15	53
15	54
15	60
15	61
15	65
16	21
16	28
16	29
16	30
16	31
16	36
16	37
16	39
16	40
16	44
16	51
16	55
16	58
16	59
16	63
16	64
16	68
16	69
17	27
17	28
17	29
17	30
17	31
17	34
17	43
17	52
17	54
17	65
18	26
18	29
18	30
18	32
18	42
18	44
18	48
18	52
18	54
18	57
18	60
18	61
18	62
18	63
18	68
18	69
19	21
19	25
19	27
19	28
19	32
19	33
19	36
19	43
19	52
19	53
19	56
19	59
19	61
19	63
20	23
20	29
20	31
20	34
20	39
20	41
20	43
20	50
20	52
20	54
20	59
21	27
21	30
21	32
21	33
21	35
21	38
21	42
21	50
21	53
21	59
21	63
22	23
22	24
22	26
22	28
22	30
22	32
22	34
22	35
22	38
22	39
22	40
22	42
22	48
22	50
22	51
22	59
22	61
22	62
23	24
23	26
23	35
23	36
23	37
23	39
23	41
23	45
23	48
23	54
23	55
23	61
23	64
23	65
23	69
24	25
24	27
24	28
24	31
24	32
24	33
24	38
24	39
24	41
24	51
24	53
24	57
24	59
24	60
24	61
25	32
25	33
25	40
25	41
25	43
25	47
25	52
25	54
25	59
25	60
25	61
25	66
26	27
26	32
26	33
26	34
26	35
26	37
26	41
26	42
26	59
27	30
27	31
27	32
27	34
27	36
27	37
27	38
27	42
27	43
27	44
27	45
27	47
27	50
27	55
27	58
27	61
27	62
28	33
28	34
28	37
28	39
28	42
28	44
28	47
28	50
28	53
28	58
28	62
28	63
28	69
29	33
29	35
29	39
29	42
29	49
29	52
29	58
29	62
29	63
29	64
30	31
30	33
30	35
30	41
30	43
30	48
30	54
30	56
30	64
30	65
30	66
30	69
31	38
31	41
31	44
31	47
31	51
31	52
31	55
31	56
31	62
31	65
32	34
32	38
32	42
32	47
32	49
32	52
32	54
32	61
33	36
33	39
33	43
33	55
33	57
33	63
33	64
33	69
34	40
34	42
34	44
34	50
34	58
34	59
34	62
34	65
34	68
35	37
35	41
35	46
35	47
35	49
35	50
35	56
35	61
35	63
35	68
35	69
36	38
36	42
36	44
36	49
36	52
36	53
36	54
36	57
36	62
36	68
37	39
37	40
37	41
37	48
37	52
37	54
37	60
37	67
37	68
37	69
38	41
38	43
38	47
38	50
38	52
38	53
38	58
38	69
39	40
39	41
39	42
39	45
39	52
39	57
39	61
39	64
39	66
39	67
40	43
40	44
40	45
40	49
40	51
40	53
40	56
40	58
40	63
40	67
41	42
41	43
41	45
41	49
41	51
41	58
41	59
41	64
42	43
42	45
42	47
42	50
42	51
42	52
42	53
42	59
42	61
42	64
43	45
43	47
43	48
43	50
43	66
44	46
44	52
44	64
44	66
44	69
45	46
45	47
45	51
45	60
45	61
45	62
45	66
46	49
46	58
46	59
46	64
46	65
46	66
47	61
47	62
47	68
48	50
48	61
48	64
49	60
49	61
49	68
49	69
50	54
50	55
50	56
50	57
50	61
50	62
50	65
50	68
51	60
51	61
51	65
52	53
52	55
52	56
52	58
52	59
53	61
53	66
54	55
54	57
54	59
54	60
54	61
54	63
54	64
54	67
54	68
55	56
55	63
55	66
55	68
55	69
56	58
56	66
57	60
57	61
57	62
57	64
57	67
57	69
58	65
58	67
58	69
59	60
59	62
59	63
59	66
59	68
59	69
60	62
60	68
61	62
61	67
61	69
62	64
63	67
63	69
66	68
66	69
67	68
68	69
